134

66466344444· 110, 28.

ἀδιήγητος 47, 17

9169919 86,12.

110999999119.

ἄδολοσχίο1 106,12.

ἀδυνατεῖν 50, 5.

ἀδύνατος 39, 5. 43, 15. 20.
52,21.53,11).100,1091.

91912311. 34,11, 38,3. 41,18.
49, 14. 25 al τὰ 9191 κατὰ
444646 (vel τα 44646) 115, 6.
118, 22. cf. 120, 16 sq

ἀέναος (004. 91119999) 99, 28

91ηὸ919 112, 29. ἀηδέστατος
102, 4 6.

ἀήρ 99 4

οἲθοὶνατος 48, 12. 55, 2321.

661444· 48,14.

9159199 100, 23.

9113999915. 47,18. 56,.1 118,
94. 124,14.(1’29,10).

οἶιὸιότη1 124, 9.
αἰθήρ 16, 2.

αἴθυγμα 36, 10.
αἷμα. τῶν προσηκόντων ἡμῖν
ἑξεαΐματος 122,1.

(α1νινμα) 129, 20.

(α αἰνιγματώὸης) 127,6.
σι’ἰνιττεσθαι 112,20. 123,16
α1ρε1ν30,7.8. αἷρεῑσθαι4, 19.
12, 17. 37, 23. 39, 18 sqq.
49, 99. 44 ,1’sqq 49,’9. 91, 19.
53, 24919.

9191999339. 6,.15 7,.15 8,4.
,24,1791. (616347064445)6, 7.

αἱρετιστὴς 119, 6.

9199919946 12, 21. 34 ,19sqq.
33, 9..9 41,.9 49 ,4.34q 44,
21 sqq 43, 13 sqq 91991-
οετωτεσος 4,3 2. 44, 24. 91-
ρετιοτατος 42 2 43, 22. 45, 16.
αἰσθάνεσθα144, 9. 17. 45, 21.
33, 22. 57, 6. 611, 1241.

64644977645'13, 6.11,11.35,14.

36 12. 44, 13sqq. 45, 2. 54,

II. INDEX VERBORUM.

27 al. 91959999 4644 6644·
μίς ἐστι γνωριστικὴ διὰ 991·

ματος 44, 15 sq
αἰσθητηριον 11511. 124, 8.
αἰσθητικός 48, 8.
αἰσθητός115,5. 118,14. 120,
13. 27. 124, 19
19χος8, 19.
ἰσχρός 104, 22
19χ91νεσθαιδ3, 8 (128, 321.
19193, 17. 18, 16. 23, 26. 39, 5.
43, 23 al 6’3444 αἰτία 24 .
αἰτιολογία 115, 28.
αἴτιος 38, 7. 10. 23. 46,12.14.
53,.2 60, 10. 103, 24. 113, 25.
τα ἕν ὁτοῖς οὖσιν 91199α 118,17.
αἰώνὸ θνητοςαί (poe )48 1⁰
ᾅκα9999119,29.
919999ή39911,7 10.
646444049, 13.
6444'442444 56, 8.
64414464 118, 25.
6346 44,17.
9199919919 5,19.
9199199091140, 8. 50, 13, 57 2
ἀκολούθως 119,14.
6240441048821'3
ἀκούειν. 91 ἀκούοντος 5, 23.
17,18. 84,.3 106,.3
644446464 15, 23.
6444464 98, 22.
64444‘6444436, 12. α1οἳκρίβειαι
643234544412. 5513 ἀκρι-
βέστεοος39,17.9191ριβέστατος
17114215 559588
991991βῶ958, 3.
οἲκροατικός (199999ἀκοοαμα-
τικός) 106, 15.
ἄκρος. 4666444393 τὸᾶκρσν
95, 22. οῗκρότατος22, 16. 52,
16 4664446444444.. ,9199061
64464 54, 26.
9199119999 58,15
51915τ99911,23.

 

