11155511511505511.

γενναν 50, 7. 51, 7. (γεννώ-
μενοι) 129, 2.
“ γέννησις (τῆςπρώιης)18, 14.
15551716 16,9. 20,.6 22,3.
23, 8.· 2051 55551555555555
γένος τῶν ἅνδρωιιαν 15,
llsq.
γεύεσθαι 45, 22
γέφυρα 8, 5,105, 23.
γεωργικός, (telvm) 508
γῆ10, 6. 50,7. 109, 26. 124, 2651.
γῆρας 52, 1. 99,1. 23.
γίγνεσθαι vel γίνεσθαι (pas-
simin Excerpt. Aristot.)4, 12.
6,..477‚.2618,10.1319,
24. 20,1.14e10 τὸ γιγνό-
μενον 43 1.651 τάγιννόμενα
49, 351. τα γεγενημενα 511
γιννώσκειν38, 21. 39, 6. 417
43, 27. 44, 4. 46, 10. 21. 47,
4s’q. 52, 7. 56, 21151,
γλίχεσθαι 40, 7.
γλύφειν. 11511151 120,14.
νλνφή 120, 12.
5155551014. 112, 11. 1135.
γνήσιος 10,16.
1555155157 98, 15. 105, 24.
5155115311. 8,15.10,14. 12,
1.8. 13, 20 291551,
ννωμιιιός 10,11.
γνωρίζειν 39, 7. 44, 19, 27.
γνώριμος4,8. 8,14. 17, 9.
46,18,58,14.119,6, ννωρι·
5515555883 41, 6.
γνωρίμως5,23. 17,17.
γνώρισμα 112, 13.
γνιρριστικός 44,16.
5555511159. 20, 5. 34, 24 44,
19. 70,12.109, 1851 (τῶν
θεῶν)11, 14. 109,29.110,22.
112, 951. (τῆς θείας αἱρετῆς)
5151151151 43, 3.
15551511021215115515ν
46111915 52,9.

141

γονεύς 122, 2.

γοῦν 121, 1951.

γράφειν 49, 15.

γραώδης 106, 11.
γυμναστής 54, 15.
γνμναστιιιός.(1εχνη)38, 17.
15111155 54,1,

γυνή 124, 24.

δᾳδίον 107,17. 1161.
δᾶιμόνιος 15,10.
δαιμονίως 13, 6.
555155 15, 11. 15 15, 55
δακτύλιος 107, 24. 25119, 14.
17.20,120,3.11.55
edumas 117. 20. 122, 4.
6511015. δη αν)1511933
δαπανᾶν 40, 6.
δαψιλής 125, 22.
δέ 5115541. 5714
διῖγμα8,1.5 10,18.
δεικνύνα146,9.δειιινν’ων88,.6
δειλία 100, 7.
δεῑν5,1111,7,12. 1551. 1515.
15,,6 16, 11.etc 8115150, 26.
δε1505135, 2 46, 25. 50, 11151.
δεινός53, 15. 112, 29. 115155-
1511511143.
δεῖξις 15, 2.
δεκτός 117 27. (51. χείρ).
δένδρον 47,14.
δ5ξ151114,9. (115111)107,1,0
114, 6. 5 δεξιὰ τῶν χιιρῷν
117,26(51.χείρ). 1555161551
108, 2. 122, 15.
6165115121, 13, 30, 9. 37, 6.
δεσμός 11, 26. 65, 20. 70, 10.
109,28.119,16.18.29.120,
611515ρ5114, 11. 27, 25. 983.
109,16.
δέχ 15851107,.,.,.23117101194
6117511111 33,28.1127,22Χ.
δῆ151,6ἠ1115“5115556555555-

 

